64
449 450 451 452 1 2 3 4 5 6 7 8 453 454 455 456
457 458 459 460 9 10 11 12 13 14 15 16 4 3 2 1
461 462 463 464 17 18 19 20 21 22 23 24 12 11 10 9
465 466 467 468 25 26 27 28 29 30 31 32 20 19 18 17
469 470 471 472 33 34 35 36 37 38 39 40 28 27 26 25
473 474 475 476 41 42 43 44 45 46 47 48 36 35 34 33
477 478 479 480 49 50 51 52 53 54 55 56 44 43 42 41
481 482 483 484 485 486 487 488 57 58 59 60 52 51 50 49
8 7 6 5 61 62 63 64 65 66 67 68 489 490 491 492
16 15 14 13 69 70 71 72 73 74 75 76 64 63 62 61
24 23 22 21 77 78 79 80 81 82 83 84 72 71 70 69
32 31 30 29 85 86 87 88 89 90 91 92 80 79 78 77
40 39 38 37 93 94 95 96 97 98 99 100 88 87 86 85
48 47 46 45 101 102 103 104 105 106 107 108 96 95 94 93
56 55 54 53 109 110 111 112 113 114 115 116 104 103 102 101
60 59 58 57 493 494 495 496 117 118 119 120 112 111 110 109
68 67 66 65 121 122 123 124 125 126 127 128 497 498 499 500
76 75 74 73 129 130 131 132 133 134 135 136 124 123 122 121
84 83 82 81 137 138 139 140 141 142 143 144 132 131 130 129
92 91 90 89 145 146 147 148 149 150 151 152 140 139 138 137
100 99 98 97 153 154 155 156 157 158 159 160 148 147 146 145
108 107 106 105 161 162 163 164 165 166 167 168 156 155 154 153
116 115 114 113 169 170 171 172 173 174 175 176 164 163 162 161
120 119 118 117 501 502 503 504 177 178 179 180 172 171 170 169
128 127 126 125 181 182 183 184 185 186 187 188 505 506 507 508
136 135 134 133 189 190 191 192 193 194 195 196 184 183 182 181
144 143 142 141 197 198 199 200 201 202 203 204 192 191 190 189
152 151 150 149 205 206 207 208 209 210 211 212 200 199 198 197
160 159 158 157 213 214 215 216 217 218 219 220 208 207 206 205
168 167 166 165 221 222 223 224 225 226 227 228 216 215 214 213
176 175 174 173 229 230 231 232 233 234 235 236 224 223 222 221
180 179 178 177 509 510 511 512 237 238 239 240 232 231 230 229
188 187 186 185 241 242 243 244 245 246 247 248 513 514 515 516
196 195 194 193 249 250 251 252 253 254 255 256 244 243 242 241
204 203 202 201 257 258 259 260 261 262 263 264 252 251 250 249
212 211 210 209 265 266 267 268 269 270 271 272 260 259 258 257
220 219 218 217 273 274 275 276 277 278 279 280 268 267 266 265
228 227 226 225 281 282 283 284 285 286 287 288 276 275 274 273
236 235 234 233 289 290 291 292 293 294 295 296 284 283 282 281
240 239 238 237 517 518 519 520 297 298 299 300 292 291 290 289
248 247 246 245 301 302 303 304 305 306 307 308 521 522 523 524
256 255 254 253 309 310 311 312 313 314 315 316 304 303 302 301
264 263 262 261 317 318 319 320 321 322 323 324 312 311 310 309
272 271 270 269 325 326 327 328 329 330 331 332 320 319 318 317
280 279 278 277 333 334 335 336 337 338 339 340 328 327 326 325
288 287 286 285 341 342 343 344 345 346 347 348 336 335 334 333
296 295 294 293 349 350 351 352 353 354 355 356 344 343 342 341
300 299 298 297 525 526 527 528 357 358 359 360 352 351 350 349
308 307 306 305 361 362 363 364 365 366 367 368 529 530 531 532
316 315 314 313 369 370 371 372 373 374 375 376 364 363 362 361
324 323 322 321 377 378 379 380 381 382 383 384 372 371 370 369
332 331 330 329 385 386 387 388 389 390 391 392 380 379 378 377
340 339 338 337 393 394 395 396 397 398 399 400 388 387 386 385
348 347 346 345 401 402 403 404 405 406 407 408 396 395 394 393
356 355 354 353 409 410 411 412 413 414 415 416 404 403 402 401
360 359 358 357 533 534 535 536 417 418 419 420 412 411 410 409
368 367 366 365 421 422 423 424 537 538 539 540 541 542 543 544
376 375 374 373 425 426 427 428 545 546 547 548 424 423 422 421
384 383 382 381 429 430 431 432 549 550 551 552 428 427 426 425
392 391 390 389 433 434 435 436 553 554 555 556 432 431 430 429
400 399 398 397 437 438 439 440 557 558 559 560 436 435 434 433
408 407 406 405 441 442 443 444 561 562 563 564 440 439 438 437
416 415 414 413 445 446 447 448 565 566 567 568 444 443 442 441
420 419 418 417 569 570 571 572 573 574 575 576 448 447 446 445
