3/n       3  5  63              2                              
3/n       3  5  63              2                              
3/n       3  5  63              2                              
3/n       3  5  63              2                              3/n       3  5  63              2                              
3/n       3  5  63              2                              3/n       3  5  63              2                              
3/n       3  5  63              2                              3/n       3  5  63              2                              
3/n       3  5  63              2                              
3/n       3  5  63              2                              
3/n       3  5  63              2                              
3/n       3  5  63              2                              
3/n       3  5  63              2                              
3/n       3  5  63              2                              
3/n       3  5  63              2                              3/n       3  5  63              2                              
3/n3/n             3  3  5  5  63 63                          2  2                                                            
3/n       3  5  63              2                              
3/n       3  5  63              2                              
